$ANSIBLE_VAULT;1.1;AES256
36653462386464316562653132353836373839303365623462353965383363393465376333393030
6439666264383833353462373661663932303137313665650a343631303839383962356630663932
66383035363866663837643831396364663431633862356131626439366434316166613739613033
3338373430373262300a616531393235653533346434393535376634303234333933656132373332
35336165623233666533393330613763653533326663366535393962643339636633333835313762
64363663333335313662316561333532393530376165353961633737646135373939613761346263
33663361666462663765336664363932393837366663313838333966316562623963613230346564
35303831346637353432666663643866303164376366383765653236343039616637336130616665
37353333383033646437613333323337316462636561383139623635366533356537623631343030
65356633643237646533663032323539303566373962366532633738613261653239373066366632
36306430626137653164613336356230333031326137353338613539636237393138333336303465
33633664633639306165363436613430333034343731323535626361353562363433633663666463
37346234303639343563343033633364613164336333613036353634303935383234326233323638
33353932613961616233666634333666656637316237656665343037653364396436653036643737
35326432303836363635633763333930303136656335623630613035356465336230653265643036
61383633343463373665383463316434313764643963383039323937323637636634666139653737
32663262383139336139636132343930633836386562306539376330633761373563656361346463
65353163633961643462663566626530613766633033376439633538333839666364316361343736
37633666353663303239616264383334366165323463636362313263626339633430326463643864
31623939313731353438656333373530616238373265333339616334616262366634633462313763
63313138386133623836353532393435326662393964396635383931393133353534666434623235
63366236643637383637373239653931376532343036343230663938303335663932366366383262
32653036663035653735636139633733396465323865653532353166663836386665646264636536
65613866353835373937353935326337626236366565633932373437393163316338613734616262
3035
